service_id,monday,tuesday,wednesday,thursday,friday,saturday,sunday,start_date,end_date
00101,0,0,0,0,0,0,0,20230417,20261231
00101 SF/WF,0,0,0,0,0,0,0,20230417,20261231
00102,0,0,0,0,0,0,0,20230417,20261231
00102 SF/WF,0,0,0,0,0,0,0,20230417,20261231
00103 SF/WF,0,0,0,0,0,0,0,20230417,20261231
00104,0,0,0,0,0,0,0,20230417,20261231
00104 Ferien,0,0,0,0,0,0,0,20230417,20261231
00104 SF/WF,0,0,0,0,0,0,0,20230417,20261231
00105,0,0,0,0,0,0,0,20230417,20261231
00105 Ferien,0,0,0,0,0,0,0,20230417,20261231
00105 SF/WF,0,0,0,0,0,0,0,20230417,20261231
00106 Ferien,0,0,0,0,0,0,0,20230417,20261231
00106 SF/WF,0,0,0,0,0,0,0,20230417,20261231
00107,0,0,0,0,0,0,0,20230417,20261231
00107 SF/WF,0,0,0,0,0,0,0,20230417,20261231
00108 SF/WF,0,0,0,0,0,0,0,20230417,20261231
00109,0,0,0,0,0,0,0,20230417,20261231
00110,0,0,0,0,0,0,0,20230417,20261231
00112,0,0,0,0,0,0,0,20230417,20261231
00113,0,0,0,0,0,0,0,20230417,20261231
00116,0,0,0,0,0,0,0,20230417,20261231
00121 Ferien,0,0,0,0,0,0,0,20230417,20261231
00201,0,0,0,0,0,0,0,20230417,20261231
00201 SF/WF,0,0,0,0,0,0,0,20230417,20261231
00201 SF/WF[2025-8-1],0,0,0,0,0,0,0,20230417,20261231
00201[2025-7-25],0,0,0,0,0,0,0,20230417,20261231
00202 SF/WF,0,0,0,0,0,0,0,20230417,20261231
00202 SF/WF[2025-8-1],0,0,0,0,0,0,0,20230417,20261231
00203,0,0,0,0,0,0,0,20230417,20261231
00203 SF/WF,0,0,0,0,0,0,0,20230417,20261231
00203 SF/WF[2025-8-1],0,0,0,0,0,0,0,20230417,20261231
00203[2025-7-25],0,0,0,0,0,0,0,20230417,20261231
00204 Ferien,0,0,0,0,0,0,0,20230417,20261231
00204 SF/WF,0,0,0,0,0,0,0,20230417,20261231
00204 SF/WF[2025-8-1],0,0,0,0,0,0,0,20230417,20261231
00205,0,0,0,0,0,0,0,20230417,20261231
00205 SF/WF,0,0,0,0,0,0,0,20230417,20261231
00205 SF/WF[2025-8-1],0,0,0,0,0,0,0,20230417,20261231
00205[2025-7-25],0,0,0,0,0,0,0,20230417,20261231
00206,0,0,0,0,0,0,0,20230417,20261231
00206 SF/WF,0,0,0,0,0,0,0,20230417,20261231
00206 SF/WF[2025-8-1],0,0,0,0,0,0,0,20230417,20261231
00206[2025-7-25],0,0,0,0,0,0,0,20230417,20261231
00207,0,0,0,0,0,0,0,20230417,20261231
00207[2025-7-25],0,0,0,0,0,0,0,20230417,20261231
00208,0,0,0,0,0,0,0,20230417,20261231
00208 SF/WF,0,0,0,0,0,0,0,20230417,20261231
00208 SF/WF[2025-8-1],0,0,0,0,0,0,0,20230417,20261231
00208[2025-7-25],0,0,0,0,0,0,0,20230417,20261231
00209,0,0,0,0,0,0,0,20230417,20261231
00209[2025-7-25],0,0,0,0,0,0,0,20230417,20261231
00211 Ferien,0,0,0,0,0,0,0,20230417,20261231
00212 Ferien,0,0,0,0,0,0,0,20230417,20261231
00223,0,0,0,0,0,0,0,20230417,20261231
00223 (U-MD),0,0,0,0,0,0,0,20230417,20261231
00223 (nur C6),0,0,0,0,0,0,0,20230417,20261231
00223 Ferien,0,0,0,0,0,0,0,20230417,20261231
00223 MF,0,0,0,0,0,0,0,20230417,20261231
00223 MF[2025-7-28],0,0,0,0,0,0,0,20230417,20261231
00223[2025-7-25],0,0,0,0,0,0,0,20230417,20261231
00230 MF,0,0,0,0,0,0,0,20230417,20261231
00230 MF[2025-7-28],0,0,0,0,0,0,0,20230417,20261231
00231,0,0,0,0,0,0,0,20230417,20261231
00231[2025-7-25],0,0,0,0,0,0,0,20230417,20261231
00301 Ferien,0,0,0,0,0,0,0,20230417,20261231
00301 Ferien mit Eisl.,0,0,0,0,0,0,0,20230417,20261231
00301 SF/WF,0,0,0,0,0,0,0,20230417,20261231
00301 SF/WF[2025-8-1],0,0,0,0,0,0,0,20230417,20261231
00301 mit Eisl.,0,0,0,0,0,0,0,20230417,20261231
00301 ohne Eisl.,0,0,0,0,0,0,0,20230417,20261231
00301 ohne Eisl. bis 31.07.25,0,0,0,0,0,0,0,20230417,20261231
00302,0,0,0,0,0,0,0,20230417,20261231
00302 DO SF/WF[2025-8-7],0,0,0,0,0,0,0,20230417,20261231
00302 SF/WF,0,0,0,0,0,0,0,20230417,20261231
00302 SF/WF[2025-8-1],0,0,0,0,0,0,0,20230417,20261231
00302[2025-7-25],0,0,0,0,0,0,0,20230417,20261231
00303 Ferien,0,0,0,0,0,0,0,20230417,20261231
00303 SF/WF,0,0,0,0,0,0,0,20230417,20261231
00303 SF/WF[2025-8-1],0,0,0,0,0,0,0,20230417,20261231
00304 DO SF/WF[2025-8-7],0,0,0,0,0,0,0,20230417,20261231
00304 SF/WF,0,0,0,0,0,0,0,20230417,20261231
00304 SF/WF[2025-8-1],0,0,0,0,0,0,0,20230417,20261231
00305 SF/WF,0,0,0,0,0,0,0,20230417,20261231
00307 SF/WF,0,0,0,0,0,0,0,20230417,20261231
00307 SF/WF[2025-8-1],0,0,0,0,0,0,0,20230417,20261231
00308,0,0,0,0,0,0,0,20230417,20261231
00308[2025-7-25],0,0,0,0,0,0,0,20230417,20261231
00310 SF/WF,0,0,0,0,0,0,0,20230417,20261231
00310 SF/WF bis 15.09.25[2025-8-1],0,0,0,0,0,0,0,20230417,20261231
00311 (U-FR) mit Eisl.,0,0,0,0,0,0,0,20230417,20261231
00311 (U-FR)[2025-7-25],0,0,0,0,0,0,0,20230417,20261231
00311 (U-MD),0,0,0,0,0,0,0,20230417,20261231
00311 FR,0,0,0,0,0,0,0,20230417,20261231
00311 MD,0,0,0,0,0,0,0,20230417,20261231
00311 MD bis 30.07.25,0,0,0,0,0,0,0,20230417,20261231
00312 (U-FR),0,0,0,0,0,0,0,20230417,20261231
00312 (U-MD),0,0,0,0,0,0,0,20230417,20261231
00312 MF,0,0,0,0,0,0,0,20230417,20261231
00312 MF[2025-7-28],0,0,0,0,0,0,0,20230417,20261231
00318 SF/WF,0,0,0,0,0,0,0,20230417,20261231
00318 SF/WF[2025-8-1],0,0,0,0,0,0,0,20230417,20261231
00320[2025-7-24],0,0,0,0,0,0,0,20230417,20261231
00321,0,0,0,0,0,0,0,20230417,20261231
00321 Ferien (U-FR),0,0,0,0,0,0,0,20230417,20261231
00321 Ferien (U-MD),0,0,0,0,0,0,0,20230417,20261231
00321[2025-7-25],0,0,0,0,0,0,0,20230417,20261231
00322,0,0,0,0,0,0,0,20230417,20261231
00322[2025-7-25],0,0,0,0,0,0,0,20230417,20261231
00326 FR (nur C6),0,0,0,0,0,0,0,20230417,20261231
00326 MD (nur C6),0,0,0,0,0,0,0,20230417,20261231
00354 FR,0,0,0,0,0,0,0,20230417,20261231
00354 FR[2025-7-25],0,0,0,0,0,0,0,20230417,20261231
00406 (U-MD),0,0,0,0,0,0,0,20230417,20261231
00409 SF/WF,0,0,0,0,0,0,0,20230417,20261231
00409 SF/WF[2025-8-1],0,0,0,0,0,0,0,20230417,20261231
00411 SF/WF,0,0,0,0,0,0,0,20230417,20261231
00411 SF/WF[2025-8-1],0,0,0,0,0,0,0,20230417,20261231
00412,0,0,0,0,0,0,0,20230417,20261231
00412[2025-7-25],0,0,0,0,0,0,0,20230417,20261231
00413,0,0,0,0,0,0,0,20230417,20261231
00413 (U-DO),0,0,0,0,0,0,0,20230417,20261231
00413 (U-MM),0,0,0,0,0,0,0,20230417,20261231
00413 Ferien (U-FR),0,0,0,0,0,0,0,20230417,20261231
00413 Ferien (U-MD),0,0,0,0,0,0,0,20230417,20261231
00413 MiDo mit Eisl.,0,0,0,0,0,0,0,20230417,20261231
00413 bis 31.07.25[2025-7-25],0,0,0,0,0,0,0,20230417,20261231
00413[2025-9-16],0,0,0,0,0,0,0,20230417,20261231
00424,0,0,0,0,0,0,0,20230417,20261231
00424 Ferien,0,0,0,0,0,0,0,20230417,20261231
00424[2025-7-25],0,0,0,0,0,0,0,20230417,20261231
00441,0,0,0,0,0,0,0,20230417,20261231
00441[2025-7-25],0,0,0,0,0,0,0,20230417,20261231
00501 DO SF/WF[2025-8-7],0,0,0,0,0,0,0,20230417,20261231
00501 SF/WF,0,0,0,0,0,0,0,20230417,20261231
00501 SF/WF bis 15.09.25,0,0,0,0,0,0,0,20230417,20261231
00502,0,0,0,0,0,0,0,20230417,20261231
00502 SF/WF,0,0,0,0,0,0,0,20230417,20261231
00502 bis 31.07.25,0,0,0,0,0,0,0,20230417,20261231
00503,0,0,0,0,0,0,0,20230417,20261231
00503 bis 31.07.25,0,0,0,0,0,0,0,20230417,20261231
00504,0,0,0,0,0,0,0,20230417,20261231
00504 SF/WF,0,0,0,0,0,0,0,20230417,20261231
00504 bis 31.07.25,0,0,0,0,0,0,0,20230417,20261231
00505,0,0,0,0,0,0,0,20230417,20261231
00505 Ferien,0,0,0,0,0,0,0,20230417,20261231
00505 SF/WF,0,0,0,0,0,0,0,20230417,20261231
00505 SF/WF NEU,0,0,0,0,0,0,0,20230417,20261231
00505 bis 31.07.25,0,0,0,0,0,0,0,20230417,20261231
00506,0,0,0,0,0,0,0,20230417,20261231
00506 Ferien,0,0,0,0,0,0,0,20230417,20261231
00506 bis 31.07.25,0,0,0,0,0,0,0,20230417,20261231
00507,0,0,0,0,0,0,0,20230417,20261231
00507 bis 31.07.25,0,0,0,0,0,0,0,20230417,20261231
00513 SF/WF,0,0,0,0,0,0,0,20230417,20261231
00513 SF/WF[2025-8-1],0,0,0,0,0,0,0,20230417,20261231
00601,0,0,0,0,0,0,0,20230417,20261231
00601 Ferien,0,0,0,0,0,0,0,20230417,20261231
00601 SF/WF,0,0,0,0,0,0,0,20230417,20261231
00601 bis 31.07.25,0,0,0,0,0,0,0,20230417,20261231
00602 (U-FR),0,0,0,0,0,0,0,20230417,20261231
00602 (U-MD),0,0,0,0,0,0,0,20230417,20261231
00603,0,0,0,0,0,0,0,20230417,20261231
00604,0,0,0,0,0,0,0,20230417,20261231
00604 früher Schulschl.,0,0,0,0,0,0,0,20230417,20261231
00604 früher Schulschl. bis 31.07.25[2025-7-31],0,0,0,0,0,0,0,20230417,20261231
00604[2025-7-25],0,0,0,0,0,0,0,20230417,20261231
00606 SF/WF,0,0,0,0,0,0,0,20230417,20261231
00607,0,0,0,0,0,0,0,20230417,20261231
00607 (U-MD),0,0,0,0,0,0,0,20230417,20261231
00607 Ferien,0,0,0,0,0,0,0,20230417,20261231
00607 SF/WF,0,0,0,0,0,0,0,20230417,20261231
00607 SF/WF[2025-8-1],0,0,0,0,0,0,0,20230417,20261231
00609 SF/WF,0,0,0,0,0,0,0,20230417,20261231
00610,0,0,0,0,0,0,0,20230417,20261231
00610[2025-7-25],0,0,0,0,0,0,0,20230417,20261231
00611,0,0,0,0,0,0,0,20230417,20261231
00611 Ferien,0,0,0,0,0,0,0,20230417,20261231
00617 nur C6,0,0,0,0,0,0,0,20230417,20261231
00621 Ferien (U-FR),0,0,0,0,0,0,0,20230417,20261231
00655 FR,0,0,0,0,0,0,0,20230417,20261231
00655 FR[2025-7-25],0,0,0,0,0,0,0,20230417,20261231
00701 SF/WF,0,0,0,0,0,0,0,20230417,20261231
00701 SF/WF bis 15.09.25,0,0,0,0,0,0,0,20230417,20261231
00703,0,0,0,0,0,0,0,20230417,20261231
00703 Ferien,0,0,0,0,0,0,0,20230417,20261231
00703 SF/WF,0,0,0,0,0,0,0,20230417,20261231
00703 SF/WF bis 15.09.25,0,0,0,0,0,0,0,20230417,20261231
00703 bis 31.07.25,0,0,0,0,0,0,0,20230417,20261231
00706 SF/WF,0,0,0,0,0,0,0,20230417,20261231
00706 SF/WF bis 15.09.25,0,0,0,0,0,0,0,20230417,20261231
00708,0,0,0,0,0,0,0,20230417,20261231
00708 Ferien,0,0,0,0,0,0,0,20230417,20261231
00708 bis 31.07.25,0,0,0,0,0,0,0,20230417,20261231
00709,0,0,0,0,0,0,0,20230417,20261231
00709 DO,0,0,0,0,0,0,0,20230417,20261231
00709 DO bis 31.07.25[2025-7-31],0,0,0,0,0,0,0,20230417,20261231
00709 DO[2025-9-18],0,0,0,0,0,0,0,20230417,20261231
00709 SF/WF,0,0,0,0,0,0,0,20230417,20261231
00709 SF/WF bis 15.09.25,0,0,0,0,0,0,0,20230417,20261231
00709 bis 30.07.25,0,0,0,0,0,0,0,20230417,20261231
00710 SF/WF,0,0,0,0,0,0,0,20230417,20261231
00710 SF/WF bis 15.09.25,0,0,0,0,0,0,0,20230417,20261231
00734,0,0,0,0,0,0,0,20230417,20261231
00734 DO,0,0,0,0,0,0,0,20230417,20261231
00734 DO bis 31.07.25[2025-7-31],0,0,0,0,0,0,0,20230417,20261231
00734 DO[2025-9-18],0,0,0,0,0,0,0,20230417,20261231
00734 bis 30.07.25[2025-7-25],0,0,0,0,0,0,0,20230417,20261231
00734[2025-9-16],0,0,0,0,0,0,0,20230417,20261231
00802 Sperre Altstadt,0,0,0,0,0,0,0,20230417,20261231
00803,0,0,0,0,0,0,0,20230417,20261231
00808 DO mit Eisl.,0,0,0,0,0,0,0,20230417,20261231
00808 DO mit Eisl.kein NB,0,0,0,0,0,0,0,20230417,20261231
00808 DO ohne Eisl.,0,0,0,0,0,0,0,20230417,20261231
00808 DO ohne Eisl. bis 31.07.25,0,0,0,0,0,0,0,20230417,20261231
00808 FR mit Eisl.,0,0,0,0,0,0,0,20230417,20261231
00808 MI mit Eisl.,0,0,0,0,0,0,0,20230417,20261231
00808 ohne Eisl.,0,0,0,0,0,0,0,20230417,20261231
00808 ohne Eisl. bis 31.07.25,0,0,0,0,0,0,0,20230417,20261231
01004,0,0,0,0,0,0,0,20230417,20261231
01005,0,0,0,0,0,0,0,20230417,20261231
01005 (U-MD),0,0,0,0,0,0,0,20230417,20261231
01005 SF MO Dult,0,0,0,0,0,0,0,20230417,20261231
01005 SF/WF,0,0,0,0,0,0,0,20230417,20261231
01006,0,0,0,0,0,0,0,20230417,20261231
01006 (U-MD),0,0,0,0,0,0,0,20230417,20261231
01008 SF/WF,0,0,0,0,0,0,0,20230417,20261231
01018,0,0,0,0,0,0,0,20230417,20261231
01101,0,0,0,0,0,0,0,20230417,20261231
01101 SF/WF,0,0,0,0,0,0,0,20230417,20261231
01102,0,0,0,0,0,0,0,20230417,20261231
01102 Ferien,0,0,0,0,0,0,0,20230417,20261231
01102 SF/WF,0,0,0,0,0,0,0,20230417,20261231
01102 bis 31.07.25,0,0,0,0,0,0,0,20230417,20261231
01103 SF/WF,0,0,0,0,0,0,0,20230417,20261231
01104,0,0,0,0,0,0,0,20230417,20261231
01104 Ferien,0,0,0,0,0,0,0,20230417,20261231
01104 SF/WF,0,0,0,0,0,0,0,20230417,20261231
01104 bis 31.07.25,0,0,0,0,0,0,0,20230417,20261231
01105,0,0,0,0,0,0,0,20230417,20261231
01105 SF/WF,0,0,0,0,0,0,0,20230417,20261231
01107 FR,0,0,0,0,0,0,0,20230417,20261231
01107 FR bis 25.07.25,0,0,0,0,0,0,0,20230417,20261231
01107 Ferien,0,0,0,0,0,0,0,20230417,20261231
01107 MD,0,0,0,0,0,0,0,20230417,20261231
01107 MD bis 31.07.25,0,0,0,0,0,0,0,20230417,20261231
01107 SF/WF,0,0,0,0,0,0,0,20230417,20261231
01110 SF/WF,0,0,0,0,0,0,0,20230417,20261231
01113,0,0,0,0,0,0,0,20230417,20261231
01113 Ferien,0,0,0,0,0,0,0,20230417,20261231
01113 bis 31.07.25[2025-7-25],0,0,0,0,0,0,0,20230417,20261231
01113[2025-9-16],0,0,0,0,0,0,0,20230417,20261231
01116 Ferien,0,0,0,0,0,0,0,20230417,20261231
01116 SF/WF,0,0,0,0,0,0,0,20230417,20261231
01801 SF/WF,0,0,0,0,0,0,0,20230417,20261231
01801 SF/WF[2025-8-1],0,0,0,0,0,0,0,20230417,20261231
01801 bis 31.07.25[2025-7-24],0,0,0,0,0,0,0,20230417,20261231
01801[2025-9-16],0,0,0,0,0,0,0,20230417,20261231
01802 SF/WF,0,0,0,0,0,0,0,20230417,20261231
01802 SF/WF[2025-8-1],0,0,0,0,0,0,0,20230417,20261231
01802 mit Eisl.[2025-10-1],0,0,0,0,0,0,0,20230417,20261231
01802[2025-7-24],0,0,0,0,0,0,0,20230417,20261231
01820 Ferien[2025-11-3],0,0,0,0,0,0,0,20230417,20261231
01820 SF/WF,0,0,0,0,0,0,0,20230417,20261231
01820 SF/WF bis 15.09.25[2025-8-1],0,0,0,0,0,0,0,20230417,20261231
03904 SF/WF,0,0,0,0,0,0,0,20230417,20261231
03904 SF/WF bis 15.09.25,0,0,0,0,0,0,0,20230417,20261231
03905 SF/WF,0,0,0,0,0,0,0,20230417,20261231
03906,0,0,0,0,0,0,0,20230417,20261231
03907,0,0,0,0,0,0,0,20230417,20261231
03907 SF/WF,0,0,0,0,0,0,0,20230417,20261231
03909 SF/WF,0,0,0,0,0,0,0,20230417,20261231
03914,0,0,0,0,0,0,0,20230417,20261231
03914 bis 31.07.25,0,0,0,0,0,0,0,20230417,20261231
03917,0,0,0,0,0,0,0,20230417,20261231
03917 SF/WF,0,0,0,0,0,0,0,20230417,20261231
03942,0,0,0,0,0,0,0,20230417,20261231
03942 Ferien,0,0,0,0,0,0,0,20230417,20261231
03942 Ferien (U-FR),0,0,0,0,0,0,0,20230417,20261231
03942 bis 31.07.25[2025-7-25],0,0,0,0,0,0,0,20230417,20261231
03942[2025-9-16],0,0,0,0,0,0,0,20230417,20261231
05312 FR (nur C6) mit Eisl.,0,0,0,0,0,0,0,20230417,20261231
05312 MD (nur C6),0,0,0,0,0,0,0,20230417,20261231
05314 (U-FR),0,0,0,0,0,0,0,20230417,20261231
05314 (U-FR) bis 25.07.25,0,0,0,0,0,0,0,20230417,20261231
05314 (U-MD),0,0,0,0,0,0,0,20230417,20261231
05315,0,0,0,0,0,0,0,20230417,20261231
05315 (U-MF),0,0,0,0,0,0,0,20230417,20261231
05315 (U-MF) bis 25.07.25[2025-7-25],0,0,0,0,0,0,0,20230417,20261231
05315 bis 31.07.25[2025-7-28],0,0,0,0,0,0,0,20230417,20261231
05315[2025-9-16],0,0,0,0,0,0,0,20230417,20261231
05316 letzer SF-Tag,0,0,0,0,0,0,0,20230417,20261231
05317,0,0,0,0,0,0,0,20230417,20261231
05317 bis 31.07.25,0,0,0,0,0,0,0,20230417,20261231
05321,0,0,0,0,0,0,0,20230417,20261231
05321 bis 31.07.25,0,0,0,0,0,0,0,20230417,20261231
05407 (U-FR),0,0,0,0,0,0,0,20230417,20261231
05407 (U-MD),0,0,0,0,0,0,0,20230417,20261231
05417 FR mit Eisl.,0,0,0,0,0,0,0,20230417,20261231
05417 FR[2025-9-19],0,0,0,0,0,0,0,20230417,20261231
05417 MD,0,0,0,0,0,0,0,20230417,20261231
05417 MD bis 31.07.25[2025-7-28],0,0,0,0,0,0,0,20230417,20261231
05417 MD[2025-9-16],0,0,0,0,0,0,0,20230417,20261231
05510 (U-FR),0,0,0,0,0,0,0,20230417,20261231
05510 (U-FR) bis 25.07.25,0,0,0,0,0,0,0,20230417,20261231
05510 (U-MD),0,0,0,0,0,0,0,20230417,20261231
05517 MF,0,0,0,0,0,0,0,20230417,20261231
06109 (U-FR),0,0,0,0,0,0,0,20230417,20261231
06109 (U-MD),0,0,0,0,0,0,0,20230417,20261231
06112 Ferien (U-FR),0,0,0,0,0,0,0,20230417,20261231
06112 Ferien (U-MD),0,0,0,0,0,0,0,20230417,20261231
06123 Ferien (U-FR),0,0,0,0,0,0,0,20230417,20261231
06123 Ferien (U-MD),0,0,0,0,0,0,0,20230417,20261231
06204 (U-DO),0,0,0,0,0,0,0,20230417,20261231
06204 (U-FR),0,0,0,0,0,0,0,20230417,20261231
06204 (U-MM),0,0,0,0,0,0,0,20230417,20261231
06204 Ferien (U-MD),0,0,0,0,0,0,0,20230417,20261231
06206 Ferien (U-MD),0,0,0,0,0,0,0,20230417,20261231
06207 Ferien (U-FR),0,0,0,0,0,0,0,20230417,20261231
06207 Ferien (U-MD),0,0,0,0,0,0,0,20230417,20261231
06210 Ferien (U-FR),0,0,0,0,0,0,0,20230417,20261231
06210 Ferien (U-MD),0,0,0,0,0,0,0,20230417,20261231
06217 Ferien (U-FR),0,0,0,0,0,0,0,20230417,20261231
06416 Ferien (U-FR),0,0,0,0,0,0,0,20230417,20261231
06416 Ferien (U-MD),0,0,0,0,0,0,0,20230417,20261231
06423 Ferien (U-MF),0,0,0,0,0,0,0,20230417,20261231
06614 Ferien (U-FR),0,0,0,0,0,0,0,20230417,20261231
06614 Ferien (U-MD),0,0,0,0,0,0,0,20230417,20261231
07203 FR (nur C6),0,0,0,0,0,0,0,20230417,20261231
07203 MD (nur C6),0,0,0,0,0,0,0,20230417,20261231
07216,0,0,0,0,0,0,0,20230417,20261231
07216 (U-FR),0,0,0,0,0,0,0,20230417,20261231
07216 (U-MD),0,0,0,0,0,0,0,20230417,20261231
07616,0,0,0,0,0,0,0,20230417,20261231
07705,0,0,0,0,0,0,0,20230417,20261231
07705[2025-7-25],0,0,0,0,0,0,0,20230417,20261231
07715 SF/WF,0,0,0,0,0,0,0,20230417,20261231
07715 SF/WF[2025-8-1],0,0,0,0,0,0,0,20230417,20261231
07720,0,0,0,0,0,0,0,20230417,20261231
07720[2025-7-25],0,0,0,0,0,0,0,20230417,20261231
07726 SF/WF,0,0,0,0,0,0,0,20230417,20261231
07801 SF/WF,0,0,0,0,0,0,0,20230417,20261231
07803 SF/WF,0,0,0,0,0,0,0,20230417,20261231
07808 Ferien (U) ohne Eisl.,0,0,0,0,0,0,0,20230417,20261231
07808 Ferien U-DO mit Eisl.,0,0,0,0,0,0,0,20230417,20261231
07808 Ferien U-FR mit Eisl.,0,0,0,0,0,0,0,20230417,20261231
07808 Ferien U-MI mit Eisl.,0,0,0,0,0,0,0,20230417,20261231
07809,0,0,0,0,0,0,0,20230417,20261231
07809 bis 31.07.25,0,0,0,0,0,0,0,20230417,20261231
07813,0,0,0,0,0,0,0,20230417,20261231
07813 SF/WF,0,0,0,0,0,0,0,20230417,20261231
07833,0,0,0,0,0,0,0,20230417,20261231
07833 (U-MF),0,0,0,0,0,0,0,20230417,20261231
07833 (U-MF)[2025-7-25],0,0,0,0,0,0,0,20230417,20261231
07833[2025-7-28],0,0,0,0,0,0,0,20230417,20261231
07877,0,0,0,0,0,0,0,20230417,20261231
07877 Ferien,0,0,0,0,0,0,0,20230417,20261231
07877 SF/WF,0,0,0,0,0,0,0,20230417,20261231
07912,0,0,0,0,0,0,0,20230417,20261231
07912 SF/WF,0,0,0,0,0,0,0,20230417,20261231
07912 SF/WF bis 15.09.25,0,0,0,0,0,0,0,20230417,20261231
07912 bis 31.07.25,0,0,0,0,0,0,0,20230417,20261231
07914,0,0,0,0,0,0,0,20230417,20261231
07914 (U-FR),0,0,0,0,0,0,0,20230417,20261231
07914 (U-FR)[2025-7-25],0,0,0,0,0,0,0,20230417,20261231
07914 (U-MD),0,0,0,0,0,0,0,20230417,20261231
07914 FR (nur C6),0,0,0,0,0,0,0,20230417,20261231
07914 Ferien (U-MF),0,0,0,0,0,0,0,20230417,20261231
07914 MD (nur C6),0,0,0,0,0,0,0,20230417,20261231
08020,0,0,0,0,0,0,0,20230417,20261231
08020 bis 31.07.25,0,0,0,0,0,0,0,20230417,20261231
08022,0,0,0,0,0,0,0,20230417,20261231
08022 (U-MF),0,0,0,0,0,0,0,20230417,20261231
08022 (U-MF) bis 25.07.25,0,0,0,0,0,0,0,20230417,20261231
08022 bis 31.07.25,0,0,0,0,0,0,0,20230417,20261231
09401 Sperre Altstadt,0,0,0,0,0,0,0,20230417,20261231
09401 WF Sperre Altst.,0,0,0,0,0,0,0,20230417,20261231
09402,0,0,0,0,0,0,0,20230417,20261231
09402 SF/WF,0,0,0,0,0,0,0,20230417,20261231
09402 WF Sperre Altstadt,0,0,0,0,0,0,0,20230417,20261231
09403 SF/WF,0,0,0,0,0,0,0,20230417,20261231
09403 Sperre Altstadt,0,0,0,0,0,0,0,20230417,20261231
09403 WF Sperre Altst.,0,0,0,0,0,0,0,20230417,20261231
09403 bis 31.07.25,0,0,0,0,0,0,0,20230417,20261231
09701,0,0,0,0,0,0,0,20230417,20261231
09701 SF/WF,0,0,0,0,0,0,0,20230417,20261231
09704,0,0,0,0,0,0,0,20230417,20261231
09704 SF/WF,0,0,0,0,0,0,0,20230417,20261231
09801 MiDo mit Eisl.,0,0,0,0,0,0,0,20230417,20261231
1001 SO,0,0,0,0,0,0,0,20230417,20261231
1005 HA,0,0,0,0,0,0,0,20230417,20261231
1007 HA,0,0,0,0,0,0,0,20230417,20261231
1007 SA,0,0,0,0,0,0,0,20230417,20261231
1007 SIL,0,0,0,0,0,0,0,20230417,20261231
101 HA,0,0,0,0,0,0,0,20230417,20261231
101 SA,0,0,0,0,0,0,0,20230417,20261231
101 SIL,0,0,0,0,0,0,0,20230417,20261231
101 SO,0,0,0,0,0,0,0,20230417,20261231
1010 SO,0,0,0,0,0,0,0,20230417,20261231
102 HA,0,0,0,0,0,0,0,20230417,20261231
102 SA,0,0,0,0,0,0,0,20230417,20261231
102 SIL,0,0,0,0,0,0,0,20230417,20261231
102 SO,0,0,0,0,0,0,0,20230417,20261231
1023 SA,0,0,0,0,0,0,0,20230417,20261231
1023 SAcopy,0,0,0,0,0,0,0,20230417,20261231
1023 SIL,0,0,0,0,0,0,0,20230417,20261231
1024 HA,0,0,0,0,0,0,0,20230417,20261231
1024 SA,0,0,0,0,0,0,0,20230417,20261231
1024 SIL,0,0,0,0,0,0,0,20230417,20261231
103 SO,0,0,0,0,0,0,0,20230417,20261231
104 HA,0,0,0,0,0,0,0,20230417,20261231
104 SA,0,0,0,0,0,0,0,20230417,20261231
104 SA mit Eisl.,0,0,0,0,0,0,0,20230417,20261231
104 SIL,0,0,0,0,0,0,0,20230417,20261231
104 SO,0,0,0,0,0,0,0,20230417,20261231
105 HA,0,0,0,0,0,0,0,20230417,20261231
105 SA,0,0,0,0,0,0,0,20230417,20261231
105 SIL,0,0,0,0,0,0,0,20230417,20261231
1056 SA,0,0,0,0,0,0,0,20230417,20261231
1056 SA bis 13.09.25[2025-7-26],0,0,0,0,0,0,0,20230417,20261231
1056 SA[2025-9-20],0,0,0,0,0,0,0,20230417,20261231
106 HA,0,0,0,0,0,0,0,20230417,20261231
106 SA,0,0,0,0,0,0,0,20230417,20261231
106 SIL,0,0,0,0,0,0,0,20230417,20261231
108 HA,0,0,0,0,0,0,0,20230417,20261231
108 SA,0,0,0,0,0,0,0,20230417,20261231
108 SIL,0,0,0,0,0,0,0,20230417,20261231
1101 HA,0,0,0,0,0,0,0,20230417,20261231
1101 SA,0,0,0,0,0,0,0,20230417,20261231
1101 SIL,0,0,0,0,0,0,0,20230417,20261231
1101 SO,0,0,0,0,0,0,0,20230417,20261231
1102 HA,0,0,0,0,0,0,0,20230417,20261231
1102 SA,0,0,0,0,0,0,0,20230417,20261231
1102 SIL,0,0,0,0,0,0,0,20230417,20261231
1102 SO,0,0,0,0,0,0,0,20230417,20261231
1103 HA,0,0,0,0,0,0,0,20230417,20261231
1103 SA,0,0,0,0,0,0,0,20230417,20261231
1103 SIL,0,0,0,0,0,0,0,20230417,20261231
1104 HA,0,0,0,0,0,0,0,20230417,20261231
1104 SA,0,0,0,0,0,0,0,20230417,20261231
1104 SIL,0,0,0,0,0,0,0,20230417,20261231
1105 SA,0,0,0,0,0,0,0,20230417,20261231
1105 SIL,0,0,0,0,0,0,0,20230417,20261231
1105 SO,0,0,0,0,0,0,0,20230417,20261231
1106 HA,0,0,0,0,0,0,0,20230417,20261231
1106 SA,0,0,0,0,0,0,0,20230417,20261231
1106 SIL,0,0,0,0,0,0,0,20230417,20261231
1107 HA,0,0,0,0,0,0,0,20230417,20261231
1107 SA,0,0,0,0,0,0,0,20230417,20261231
1107 SIL,0,0,0,0,0,0,0,20230417,20261231
1107 SO,0,0,0,0,0,0,0,20230417,20261231
1112 SO,0,0,0,0,0,0,0,20230417,20261231
1115 HA,0,0,0,0,0,0,0,20230417,20261231
123 SA,0,0,0,0,0,0,0,20230417,20261231
123 SIL,0,0,0,0,0,0,0,20230417,20261231
1801 SA mit Eisl.,0,0,0,0,0,0,0,20230417,20261231
1801 SA mit Eisl.[2025-9-27],0,0,0,0,0,0,0,20230417,20261231
1801 SA[2025-7-26],0,0,0,0,0,0,0,20230417,20261231
1801 SIL,0,0,0,0,0,0,0,20230417,20261231
1801 SO,0,0,0,0,0,0,0,20230417,20261231
1801 SO bis 27.07.25[2025-7-27],0,0,0,0,0,0,0,20230417,20261231
1801 SO[2025-8-3],0,0,0,0,0,0,0,20230417,20261231
1802 HA,0,0,0,0,0,0,0,20230417,20261231
1802 SA,0,0,0,0,0,0,0,20230417,20261231
1802 SA[2025-7-26],0,0,0,0,0,0,0,20230417,20261231
1802 SIL,0,0,0,0,0,0,0,20230417,20261231
1803 HA,0,0,0,0,0,0,0,20230417,20261231
1803 SA,0,0,0,0,0,0,0,20230417,20261231
1803 SA[2025-7-26],0,0,0,0,0,0,0,20230417,20261231
1803 SIL,0,0,0,0,0,0,0,20230417,20261231
1809 HA,0,0,0,0,0,0,0,20230417,20261231
1809 SA,0,0,0,0,0,0,0,20230417,20261231
1809 SA bis 13.09.25[2025-7-26],0,0,0,0,0,0,0,20230417,20261231
1809 SA[2025-9-20],0,0,0,0,0,0,0,20230417,20261231
1809 SIL,0,0,0,0,0,0,0,20230417,20261231
1810 SO,0,0,0,0,0,0,0,20230417,20261231
1810 SO bis 27.07.25,0,0,0,0,0,0,0,20230417,20261231
19313 MO Dult sen.,0,0,0,0,0,0,0,20230417,20261231
19801 FR Dult[2025-8-29],0,0,0,0,0,0,0,20230417,20261231
19801 SA Dult[2025-8-30],0,0,0,0,0,0,0,20230417,20261231
19802 FR Dult[2025-8-29],0,0,0,0,0,0,0,20230417,20261231
19802 SA Dult[2025-8-30],0,0,0,0,0,0,0,20230417,20261231
19811 Dult,0,0,0,0,0,0,0,20230417,20261231
19811 Dult nur am 4.9.25,0,0,0,0,0,0,0,20230417,20261231
19812 Dult,0,0,0,0,0,0,0,20230417,20261231
19812 Dult nur am 4.9.25,0,0,0,0,0,0,0,20230417,20261231
19813 Dult,0,0,0,0,0,0,0,20230417,20261231
19813 Dult nur am 4.9.25,0,0,0,0,0,0,0,20230417,20261231
19814 Dult,0,0,0,0,0,0,0,20230417,20261231
19814 Dult nur am 4.9.25,0,0,0,0,0,0,0,20230417,20261231
19815 Dult,0,0,0,0,0,0,0,20230417,20261231
19815 Dult nur am 4.9.25,0,0,0,0,0,0,0,20230417,20261231
19831 MI Dult,0,0,0,0,0,0,0,20230417,20261231
19832 MI SF-Dult,0,0,0,0,0,0,0,20230417,20261231
19833 MI Dult,0,0,0,0,0,0,0,20230417,20261231
19834 MI Dult,0,0,0,0,0,0,0,20230417,20261231
19835 MI Dult,0,0,0,0,0,0,0,20230417,20261231
19841 nur am 4.9.25,0,0,0,0,0,0,0,20230417,20261231
19842 nur am 4.9.25,0,0,0,0,0,0,0,20230417,20261231
19843 nur am 4.9.25,0,0,0,0,0,0,0,20230417,20261231
19851 FR Dult,0,0,0,0,0,0,0,20230417,20261231
19852 FR Dult,0,0,0,0,0,0,0,20230417,20261231
19861 SA Dult,0,0,0,0,0,0,0,20230417,20261231
19862 SA Dult,0,0,0,0,0,0,0,20230417,20261231
19863 SA Dult,0,0,0,0,0,0,0,20230417,20261231
19864 SA Dult,0,0,0,0,0,0,0,20230417,20261231
19865 SA Dult,0,0,0,0,0,0,0,20230417,20261231
19871 SO Dult,0,0,0,0,0,0,0,20230417,20261231
19872 SO Dult,0,0,0,0,0,0,0,20230417,20261231
19873 SO Dult,0,0,0,0,0,0,0,20230417,20261231
19874 SO Dult,0,0,0,0,0,0,0,20230417,20261231
19875 SO Dult,0,0,0,0,0,0,0,20230417,20261231
19876 SO Dult,0,0,0,0,0,0,0,20230417,20261231
201 HA,0,0,0,0,0,0,0,20230417,20261231
201 SA,0,0,0,0,0,0,0,20230417,20261231
201 SA[2025-7-26],0,0,0,0,0,0,0,20230417,20261231
201 SIL,0,0,0,0,0,0,0,20230417,20261231
202 HA,0,0,0,0,0,0,0,20230417,20261231
202 SA,0,0,0,0,0,0,0,20230417,20261231
202 SA[2025-7-26],0,0,0,0,0,0,0,20230417,20261231
202 SIL,0,0,0,0,0,0,0,20230417,20261231
202 SO,0,0,0,0,0,0,0,20230417,20261231
202 SO[2025-7-27],0,0,0,0,0,0,0,20230417,20261231
203 HA,0,0,0,0,0,0,0,20230417,20261231
203 SA,0,0,0,0,0,0,0,20230417,20261231
203 SA[2025-7-26],0,0,0,0,0,0,0,20230417,20261231
203 SIL,0,0,0,0,0,0,0,20230417,20261231
203 SO,0,0,0,0,0,0,0,20230417,20261231
203 SO[2025-7-27],0,0,0,0,0,0,0,20230417,20261231
204 HA,0,0,0,0,0,0,0,20230417,20261231
204 SA,0,0,0,0,0,0,0,20230417,20261231
204 SA[2025-7-26],0,0,0,0,0,0,0,20230417,20261231
204 SIL,0,0,0,0,0,0,0,20230417,20261231
204 SO,0,0,0,0,0,0,0,20230417,20261231
204 SO[2025-7-27],0,0,0,0,0,0,0,20230417,20261231
20427,0,0,0,0,0,0,0,20230417,20261231
20427 (U-FR),0,0,0,0,0,0,0,20230417,20261231
20427 (U-FR)[2025-7-25],0,0,0,0,0,0,0,20230417,20261231
20427 (U-MD),0,0,0,0,0,0,0,20230417,20261231
20427 Ferien (U-FR) mit Eisl.,0,0,0,0,0,0,0,20230417,20261231
20427 Ferien (U-MD) ohne Eisl.,0,0,0,0,0,0,0,20230417,20261231
20427 Ferien (U-MiDo) mit Eisl.,0,0,0,0,0,0,0,20230417,20261231
20427 bis 31.07.25[2025-7-28],0,0,0,0,0,0,0,20230417,20261231
20427[2025-9-16],0,0,0,0,0,0,0,20230417,20261231
205 SO,0,0,0,0,0,0,0,20230417,20261231
205 SO[2025-7-27],0,0,0,0,0,0,0,20230417,20261231
206 HA,0,0,0,0,0,0,0,20230417,20261231
206 SA,0,0,0,0,0,0,0,20230417,20261231
206 SA[2025-7-26],0,0,0,0,0,0,0,20230417,20261231
206 SIL,0,0,0,0,0,0,0,20230417,20261231
20611 Ferien (U-FR),0,0,0,0,0,0,0,20230417,20261231
20611 Ferien (U-MD),0,0,0,0,0,0,0,20230417,20261231
20615 Ferien (U-MF),0,0,0,0,0,0,0,20230417,20261231
207 HA,0,0,0,0,0,0,0,20230417,20261231
207 SA,0,0,0,0,0,0,0,20230417,20261231
207 SA[2025-7-26],0,0,0,0,0,0,0,20230417,20261231
207 SIL,0,0,0,0,0,0,0,20230417,20261231
208 HA,0,0,0,0,0,0,0,20230417,20261231
208 SA,0,0,0,0,0,0,0,20230417,20261231
208 SA[2025-7-26],0,0,0,0,0,0,0,20230417,20261231
208 SIL,0,0,0,0,0,0,0,20230417,20261231
208 SO,0,0,0,0,0,0,0,20230417,20261231
208 SO[2025-7-27],0,0,0,0,0,0,0,20230417,20261231
211 HA,0,0,0,0,0,0,0,20230417,20261231
211 SA,0,0,0,0,0,0,0,20230417,20261231
211 SA[2025-7-26],0,0,0,0,0,0,0,20230417,20261231
211 SIL,0,0,0,0,0,0,0,20230417,20261231
211 SO,0,0,0,0,0,0,0,20230417,20261231
211 SO bis 14.09.25[2025-7-27],0,0,0,0,0,0,0,20230417,20261231
211 SO[2025-9-21],0,0,0,0,0,0,0,20230417,20261231
21104,0,0,0,0,0,0,0,20230417,20261231
21104[2025-7-25],0,0,0,0,0,0,0,20230417,20261231
21123,0,0,0,0,0,0,0,20230417,20261231
21123 (U-MF),0,0,0,0,0,0,0,20230417,20261231
21123 (U-MF)[2025-7-25],0,0,0,0,0,0,0,20230417,20261231
21123[2025-7-28],0,0,0,0,0,0,0,20230417,20261231
213 HA,0,0,0,0,0,0,0,20230417,20261231
213 SA,0,0,0,0,0,0,0,20230417,20261231
213 SA[2025-7-26],0,0,0,0,0,0,0,20230417,20261231
213 SIL,0,0,0,0,0,0,0,20230417,20261231
213 SO,0,0,0,0,0,0,0,20230417,20261231
213 SO[2025-7-27],0,0,0,0,0,0,0,20230417,20261231
215 HA,0,0,0,0,0,0,0,20230417,20261231
215 SA,0,0,0,0,0,0,0,20230417,20261231
215 SA[2025-7-26],0,0,0,0,0,0,0,20230417,20261231
215 SIL,0,0,0,0,0,0,0,20230417,20261231
303 HA,0,0,0,0,0,0,0,20230417,20261231
303 SA,0,0,0,0,0,0,0,20230417,20261231
303 SA[2025-7-26],0,0,0,0,0,0,0,20230417,20261231
303 SIL,0,0,0,0,0,0,0,20230417,20261231
306 HA,0,0,0,0,0,0,0,20230417,20261231
306 SA,0,0,0,0,0,0,0,20230417,20261231
306 SA bis 13.09.25[2025-8-2],0,0,0,0,0,0,0,20230417,20261231
306 SA bis 26.07.25[2025-7-26],0,0,0,0,0,0,0,20230417,20261231
306 SA[2025-9-20],0,0,0,0,0,0,0,20230417,20261231
306 SIL,0,0,0,0,0,0,0,20230417,20261231
308 SO,0,0,0,0,0,0,0,20230417,20261231
311 HA,0,0,0,0,0,0,0,20230417,20261231
311 SA,0,0,0,0,0,0,0,20230417,20261231
311 SA[2025-7-26],0,0,0,0,0,0,0,20230417,20261231
311 SIL,0,0,0,0,0,0,0,20230417,20261231
313 SO,0,0,0,0,0,0,0,20230417,20261231
314 HA,0,0,0,0,0,0,0,20230417,20261231
314 SA,0,0,0,0,0,0,0,20230417,20261231
314 SA bis 13.09.25,0,0,0,0,0,0,0,20230417,20261231
314 SIL,0,0,0,0,0,0,0,20230417,20261231
315 HA,0,0,0,0,0,0,0,20230417,20261231
315 SA,0,0,0,0,0,0,0,20230417,20261231
315 SA[2025-7-26],0,0,0,0,0,0,0,20230417,20261231
315 SIL,0,0,0,0,0,0,0,20230417,20261231
316 HA,0,0,0,0,0,0,0,20230417,20261231
316 SA,0,0,0,0,0,0,0,20230417,20261231
316 SA[2025-7-26],0,0,0,0,0,0,0,20230417,20261231
316 SIL,0,0,0,0,0,0,0,20230417,20261231
3255 SA[2025-7-26],0,0,0,0,0,0,0,20230417,20261231
354 SA,0,0,0,0,0,0,0,20230417,20261231
354 SA[2025-7-26],0,0,0,0,0,0,0,20230417,20261231
40153 SIL,0,0,0,0,0,0,0,20230417,20261231
40153 vor Ftg.,0,0,0,0,0,0,0,20230417,20261231
40153 vor Ftg. bis 15.08.25,0,0,0,0,0,0,0,20230417,20261231
40251 SIL,0,0,0,0,0,0,0,20230417,20261231
40253 FR,0,0,0,0,0,0,0,20230417,20261231
40253 FR bis 12.09.25,0,0,0,0,0,0,0,20230417,20261231
40301 SIL,0,0,0,0,0,0,0,20230417,20261231
40354 SIL,0,0,0,0,0,0,0,20230417,20261231
40354 vor Ftg.,0,0,0,0,0,0,0,20230417,20261231
40354 vor Ftg.[2025-8-14],0,0,0,0,0,0,0,20230417,20261231
405 SA,0,0,0,0,0,0,0,20230417,20261231
405 SA[2025-7-26],0,0,0,0,0,0,0,20230417,20261231
405 SIL,0,0,0,0,0,0,0,20230417,20261231
40556 FR,0,0,0,0,0,0,0,20230417,20261231
40556 FR bis 12.09.25[2025-7-25],0,0,0,0,0,0,0,20230417,20261231
40556 FR[2025-9-19],0,0,0,0,0,0,0,20230417,20261231
40556 SIL,0,0,0,0,0,0,0,20230417,20261231
40556 vor Ftg.,0,0,0,0,0,0,0,20230417,20261231
40556 vor Ftg. bis 15.08.25[2025-8-14],0,0,0,0,0,0,0,20230417,20261231
406 HA,0,0,0,0,0,0,0,20230417,20261231
406 SO mit Eisl.,0,0,0,0,0,0,0,20230417,20261231
406 SO[2025-7-27],0,0,0,0,0,0,0,20230417,20261231
40655 SIL,0,0,0,0,0,0,0,20230417,20261231
40655 vor Ftg.,0,0,0,0,0,0,0,20230417,20261231
40655 vor Ftg.[2025-8-14],0,0,0,0,0,0,0,20230417,20261231
40702 SIL,0,0,0,0,0,0,0,20230417,20261231
40751 FR,0,0,0,0,0,0,0,20230417,20261231
40751 FR bis 12.09.25[2025-7-25],0,0,0,0,0,0,0,20230417,20261231
40751 FR[2025-9-19],0,0,0,0,0,0,0,20230417,20261231
40751 vor Ftg.,0,0,0,0,0,0,0,20230417,20261231
40751 vor Ftg. bis 15.08.25[2025-8-14],0,0,0,0,0,0,0,20230417,20261231
40752 FR,0,0,0,0,0,0,0,20230417,20261231
40752 FR bis 12.09.25[2025-7-25],0,0,0,0,0,0,0,20230417,20261231
40752 FR[2025-9-19],0,0,0,0,0,0,0,20230417,20261231
40752 SA,0,0,0,0,0,0,0,20230417,20261231
40752 SA bis 13.09.25[2025-7-26],0,0,0,0,0,0,0,20230417,20261231
40752 SA[2025-9-20],0,0,0,0,0,0,0,20230417,20261231
40752 SIL,0,0,0,0,0,0,0,20230417,20261231
40752 vor Ftg.,0,0,0,0,0,0,0,20230417,20261231
40752 vor Ftg. bis 15.08.25[2025-8-14],0,0,0,0,0,0,0,20230417,20261231
410 SA,0,0,0,0,0,0,0,20230417,20261231
410 SA[2025-7-26],0,0,0,0,0,0,0,20230417,20261231
410 SIL,0,0,0,0,0,0,0,20230417,20261231
421 HA,0,0,0,0,0,0,0,20230417,20261231
421 SA,0,0,0,0,0,0,0,20230417,20261231
421 SA[2025-7-26],0,0,0,0,0,0,0,20230417,20261231
421 SIL,0,0,0,0,0,0,0,20230417,20261231
5001 Allerheiligen,0,0,0,0,0,0,0,20230417,20261231
501 HA,0,0,0,0,0,0,0,20230417,20261231
501 SA,0,0,0,0,0,0,0,20230417,20261231
501 SA bis 26.07.25,0,0,0,0,0,0,0,20230417,20261231
501 SIL,0,0,0,0,0,0,0,20230417,20261231
502 SO,0,0,0,0,0,0,0,20230417,20261231
502 SO bis 14.09.25,0,0,0,0,0,0,0,20230417,20261231
502 SO bis 27.07.25,0,0,0,0,0,0,0,20230417,20261231
502 SO mit Eisl.,0,0,0,0,0,0,0,20230417,20261231
503 HA,0,0,0,0,0,0,0,20230417,20261231
503 SA,0,0,0,0,0,0,0,20230417,20261231
503 SA bis 26.07.25,0,0,0,0,0,0,0,20230417,20261231
503 SIL,0,0,0,0,0,0,0,20230417,20261231
504 HA,0,0,0,0,0,0,0,20230417,20261231
504 SA,0,0,0,0,0,0,0,20230417,20261231
504 SA bis 13.09.25,0,0,0,0,0,0,0,20230417,20261231
504 SA bis 26.07.25,0,0,0,0,0,0,0,20230417,20261231
504 SIL,0,0,0,0,0,0,0,20230417,20261231
506 SO,0,0,0,0,0,0,0,20230417,20261231
506 SO bis 27.07.25[2025-7-27],0,0,0,0,0,0,0,20230417,20261231
506 SO[2025-8-3],0,0,0,0,0,0,0,20230417,20261231
509 SO,0,0,0,0,0,0,0,20230417,20261231
509 SO bis 27.07.25,0,0,0,0,0,0,0,20230417,20261231
511 SO,0,0,0,0,0,0,0,20230417,20261231
511 SO bis 27.07.25,0,0,0,0,0,0,0,20230417,20261231
512 SA,0,0,0,0,0,0,0,20230417,20261231
512 SA bis 26.07.25[2025-7-26],0,0,0,0,0,0,0,20230417,20261231
512 SA[2025-8-2],0,0,0,0,0,0,0,20230417,20261231
512 SIL,0,0,0,0,0,0,0,20230417,20261231
520 HA,0,0,0,0,0,0,0,20230417,20261231
520 SA,0,0,0,0,0,0,0,20230417,20261231
520 SA bis 13.09.25,0,0,0,0,0,0,0,20230417,20261231
520 SA bis 26.07.25,0,0,0,0,0,0,0,20230417,20261231
520 SIL,0,0,0,0,0,0,0,20230417,20261231
522 HA,0,0,0,0,0,0,0,20230417,20261231
522 SA,0,0,0,0,0,0,0,20230417,20261231
522 SA bis 13.09.25,0,0,0,0,0,0,0,20230417,20261231
522 SA bis 26.07.25,0,0,0,0,0,0,0,20230417,20261231
522 SA mit Eisl.,0,0,0,0,0,0,0,20230417,20261231
522 SIL,0,0,0,0,0,0,0,20230417,20261231
602 SO,0,0,0,0,0,0,0,20230417,20261231
602 SO bis 27.07.25,0,0,0,0,0,0,0,20230417,20261231
603 SA,0,0,0,0,0,0,0,20230417,20261231
603 SIL,0,0,0,0,0,0,0,20230417,20261231
603 SO,0,0,0,0,0,0,0,20230417,20261231
603 SO bis 27.07.25,0,0,0,0,0,0,0,20230417,20261231
605 HA,0,0,0,0,0,0,0,20230417,20261231
605 SA,0,0,0,0,0,0,0,20230417,20261231
605 SA[2025-7-26],0,0,0,0,0,0,0,20230417,20261231
605 SIL,0,0,0,0,0,0,0,20230417,20261231
609 SO,0,0,0,0,0,0,0,20230417,20261231
609 SO bis 14.09.25[2025-8-3],0,0,0,0,0,0,0,20230417,20261231
609 SO bis 27.07.25[2025-7-27],0,0,0,0,0,0,0,20230417,20261231
609 SO[2025-9-21],0,0,0,0,0,0,0,20230417,20261231
611 SO mit Eisl.,0,0,0,0,0,0,0,20230417,20261231
611 SO[2025-7-27],0,0,0,0,0,0,0,20230417,20261231
613 HA,0,0,0,0,0,0,0,20230417,20261231
701 HA,0,0,0,0,0,0,0,20230417,20261231
701 SA,0,0,0,0,0,0,0,20230417,20261231
701 SA bis 13.09.25,0,0,0,0,0,0,0,20230417,20261231
701 SIL,0,0,0,0,0,0,0,20230417,20261231
7010004 (GFN-Gerät),0,0,0,0,0,0,0,20230417,20261231
7010004 (GFN-Gerät) bis 31.07.25,0,0,0,0,0,0,0,20230417,20261231
7010005 (GFN-Gerät),0,0,0,0,0,0,0,20230417,20261231
7010006 FR (GFN-Gerät),0,0,0,0,0,0,0,20230417,20261231
7010006 FR (GFN-Gerät) bis 25.07.25,0,0,0,0,0,0,0,20230417,20261231
7010006 FR (GFN-Gerät) fr.Schulschl.,0,0,0,0,0,0,0,20230417,20261231
7010006 FR (GFN-Gerät) fr.Schulschl. bis 31.07.25,0,0,0,0,0,0,0,20230417,20261231
7010006 MD (GFN-Gerät),0,0,0,0,0,0,0,20230417,20261231
7010006 MD (GFN-Gerät) bis 30.07.25,0,0,0,0,0,0,0,20230417,20261231
7013001,0,0,0,0,0,0,0,20230417,20261231
7013002[2025-7-24],0,0,0,0,0,0,0,20230417,20261231
7013003,0,0,0,0,0,0,0,20230417,20261231
7013003[2025-7-25],0,0,0,0,0,0,0,20230417,20261231
7013503 Ferien,0,0,0,0,0,0,0,20230417,20261231
7013551 SF/WF,0,0,0,0,0,0,0,20230417,20261231
7013552 SF/WF,0,0,0,0,0,0,0,20230417,20261231
7013552 SF/WF[2025-8-1],0,0,0,0,0,0,0,20230417,20261231
7013553 SF/WF,0,0,0,0,0,0,0,20230417,20261231
7013553 SF/WF[2025-8-1],0,0,0,0,0,0,0,20230417,20261231
7013600 HA,0,0,0,0,0,0,0,20230417,20261231
7013600 SA,0,0,0,0,0,0,0,20230417,20261231
7013600 SIL,0,0,0,0,0,0,0,20230417,20261231
7013601 HA,0,0,0,0,0,0,0,20230417,20261231
7013601 SA,0,0,0,0,0,0,0,20230417,20261231
7013601 SA[2025-7-26],0,0,0,0,0,0,0,20230417,20261231
7013601 SIL,0,0,0,0,0,0,0,20230417,20261231
7013602 HA,0,0,0,0,0,0,0,20230417,20261231
7013602 SA,0,0,0,0,0,0,0,20230417,20261231
7013602 SIL,0,0,0,0,0,0,0,20230417,20261231
7013700 SO,0,0,0,0,0,0,0,20230417,20261231
7013701 SO,0,0,0,0,0,0,0,20230417,20261231
702 HA,0,0,0,0,0,0,0,20230417,20261231
702 SA,0,0,0,0,0,0,0,20230417,20261231
702 SA bis 13.09.24,0,0,0,0,0,0,0,20230417,20261231
702 SA bis 26.07.25,0,0,0,0,0,0,0,20230417,20261231
702 SIL,0,0,0,0,0,0,0,20230417,20261231
7020013 (GFN-Gerät),0,0,0,0,0,0,0,20230417,20261231
7020041 DO,0,0,0,0,0,0,0,20230417,20261231
7024001,0,0,0,0,0,0,0,20230417,20261231
7024001 bis 15.09.25,0,0,0,0,0,0,0,20230417,20261231
7024001 bis 31.07.25,0,0,0,0,0,0,0,20230417,20261231
7024002 bis 30.07.25[2025-7-25],0,0,0,0,0,0,0,20230417,20261231
7024002[2025-9-16],0,0,0,0,0,0,0,20230417,20261231
7024002copy,0,0,0,0,0,0,0,20230417,20261231
7024003,0,0,0,0,0,0,0,20230417,20261231
7024003 bis 31.07.25,0,0,0,0,0,0,0,20230417,20261231
7024004,0,0,0,0,0,0,0,20230417,20261231
7024004 bis 31.07.25[2025-7-25],0,0,0,0,0,0,0,20230417,20261231
7024004[2025-9-16],0,0,0,0,0,0,0,20230417,20261231
7024042 DO bis 31.07.25[2025-7-31],0,0,0,0,0,0,0,20230417,20261231
7024042 DO[2025-9-18],0,0,0,0,0,0,0,20230417,20261231
7024042 DOcopy,0,0,0,0,0,0,0,20230417,20261231
7024503 Ferien,0,0,0,0,0,0,0,20230417,20261231
7024504 Ferien,0,0,0,0,0,0,0,20230417,20261231
7024542 DO SF/WF bis 11.09.25[2025-8-7],0,0,0,0,0,0,0,20230417,20261231
7024552 SF/WF,0,0,0,0,0,0,0,20230417,20261231
7024552 SF/WF bis 15.09.25[2025-8-1],0,0,0,0,0,0,0,20230417,20261231
7024553 SF/WF,0,0,0,0,0,0,0,20230417,20261231
7024553 SF/WF bis 15.09.25,0,0,0,0,0,0,0,20230417,20261231
7024554 SF/WF,0,0,0,0,0,0,0,20230417,20261231
7024601 HA,0,0,0,0,0,0,0,20230417,20261231
7024601 SA,0,0,0,0,0,0,0,20230417,20261231
7024601 SA bis 13.09.25,0,0,0,0,0,0,0,20230417,20261231
7024601 SIL,0,0,0,0,0,0,0,20230417,20261231
7024602 HA,0,0,0,0,0,0,0,20230417,20261231
7024602 SA,0,0,0,0,0,0,0,20230417,20261231
7024602 SA[2025-7-26],0,0,0,0,0,0,0,20230417,20261231
7024602 SIL,0,0,0,0,0,0,0,20230417,20261231
7024701 SO,0,0,0,0,0,0,0,20230417,20261231
7024701 SO bis 27.07.25,0,0,0,0,0,0,0,20230417,20261231
703 SO,0,0,0,0,0,0,0,20230417,20261231
703 SO bis 14.09.25,0,0,0,0,0,0,0,20230417,20261231
7030003 (GFN-Gerät),0,0,0,0,0,0,0,20230417,20261231
7030021,0,0,0,0,0,0,0,20230417,20261231
7030021[2025-7-25],0,0,0,0,0,0,0,20230417,20261231
7030551 SF/WF,0,0,0,0,0,0,0,20230417,20261231
7030621 HA,0,0,0,0,0,0,0,20230417,20261231
7030621 SA,0,0,0,0,0,0,0,20230417,20261231
7030621 SIL,0,0,0,0,0,0,0,20230417,20261231
7030721 Allerheiligen,0,0,0,0,0,0,0,20230417,20261231
7039001,0,0,0,0,0,0,0,20230417,20261231
7039001 bis 15.09.25[2025-7-25],0,0,0,0,0,0,0,20230417,20261231
7039001[2025-9-16],0,0,0,0,0,0,0,20230417,20261231
7039002,0,0,0,0,0,0,0,20230417,20261231
7039002 bis 31.07.25,0,0,0,0,0,0,0,20230417,20261231
7039012 (GFN-Gerät),0,0,0,0,0,0,0,20230417,20261231
7039012 (GFN-Gerät) bis 31.07.25,0,0,0,0,0,0,0,20230417,20261231
7039502 Ferien,0,0,0,0,0,0,0,20230417,20261231
7039552 SF/WF,0,0,0,0,0,0,0,20230417,20261231
7039552 SF/WF bis 15.09.25,0,0,0,0,0,0,0,20230417,20261231
7039601 HA,0,0,0,0,0,0,0,20230417,20261231
7039601 SA,0,0,0,0,0,0,0,20230417,20261231
7039601 SA[2025-7-26],0,0,0,0,0,0,0,20230417,20261231
7039601 SIL,0,0,0,0,0,0,0,20230417,20261231
704 SO,0,0,0,0,0,0,0,20230417,20261231
704 SO bis 14.09.25,0,0,0,0,0,0,0,20230417,20261231
7048001[2025-7-24],0,0,0,0,0,0,0,20230417,20261231
7048002,0,0,0,0,0,0,0,20230417,20261231
7048002[2025-7-25],0,0,0,0,0,0,0,20230417,20261231
7048551 SF/WF,0,0,0,0,0,0,0,20230417,20261231
7048551 SF/WF[2025-8-1],0,0,0,0,0,0,0,20230417,20261231
7048552 SF/WF,0,0,0,0,0,0,0,20230417,20261231
7048552 SF/WF[2025-8-1],0,0,0,0,0,0,0,20230417,20261231
7048601 HA,0,0,0,0,0,0,0,20230417,20261231
7048601 SA,0,0,0,0,0,0,0,20230417,20261231
7048601 SA[2025-7-26],0,0,0,0,0,0,0,20230417,20261231
7048601 SIL,0,0,0,0,0,0,0,20230417,20261231
705 HA,0,0,0,0,0,0,0,20230417,20261231
705 SA,0,0,0,0,0,0,0,20230417,20261231
705 SA bis 13.09.25,0,0,0,0,0,0,0,20230417,20261231
705 SIL,0,0,0,0,0,0,0,20230417,20261231
7050014 (GFN-Gerät),0,0,0,0,0,0,0,20230417,20261231
7050014 (GFN-Gerät) bis 31.07.25,0,0,0,0,0,0,0,20230417,20261231
7050021,0,0,0,0,0,0,0,20230417,20261231
7050022,0,0,0,0,0,0,0,20230417,20261231
7050022 bis 31.07.25[2025-7-25],0,0,0,0,0,0,0,20230417,20261231
7050022[2025-9-16],0,0,0,0,0,0,0,20230417,20261231
7051001,0,0,0,0,0,0,0,20230417,20261231
7051002,0,0,0,0,0,0,0,20230417,20261231
7051002 bis 31.07.25,0,0,0,0,0,0,0,20230417,20261231
7051003,0,0,0,0,0,0,0,20230417,20261231
7051003[2025-7-25],0,0,0,0,0,0,0,20230417,20261231
7051502 Ferien,0,0,0,0,0,0,0,20230417,20261231
7051551 SF/WF,0,0,0,0,0,0,0,20230417,20261231
7051552 SF/WF,0,0,0,0,0,0,0,20230417,20261231
7051553 SF/WF,0,0,0,0,0,0,0,20230417,20261231
7051601 HA,0,0,0,0,0,0,0,20230417,20261231
7051601 SA,0,0,0,0,0,0,0,20230417,20261231
7051601 SIL,0,0,0,0,0,0,0,20230417,20261231
7051602 HA,0,0,0,0,0,0,0,20230417,20261231
7051602 SA,0,0,0,0,0,0,0,20230417,20261231
7051602 SIL,0,0,0,0,0,0,0,20230417,20261231
7051701 SO,0,0,0,0,0,0,0,20230417,20261231
7051701 SO bis 27.07.25,0,0,0,0,0,0,0,20230417,20261231
7055004,0,0,0,0,0,0,0,20230417,20261231
7055005,0,0,0,0,0,0,0,20230417,20261231
7055005 bis 15.09.25,0,0,0,0,0,0,0,20230417,20261231
7055006,0,0,0,0,0,0,0,20230417,20261231
7055006 bis 31.07.25[2025-7-25],0,0,0,0,0,0,0,20230417,20261231
7055006[2025-9-16],0,0,0,0,0,0,0,20230417,20261231
7055506 Ferien,0,0,0,0,0,0,0,20230417,20261231
7055554 SF/WF,0,0,0,0,0,0,0,20230417,20261231
7055556 SF/WF,0,0,0,0,0,0,0,20230417,20261231
7055556 SF/WF bis 15.09.25,0,0,0,0,0,0,0,20230417,20261231
7055604 HA,0,0,0,0,0,0,0,20230417,20261231
7055604 SA,0,0,0,0,0,0,0,20230417,20261231
7055604 SA bis 13.09.25,0,0,0,0,0,0,0,20230417,20261231
7055604 SA bis 26.07.25,0,0,0,0,0,0,0,20230417,20261231
7055604 SIL,0,0,0,0,0,0,0,20230417,20261231
7055605 HA,0,0,0,0,0,0,0,20230417,20261231
7055605 SA,0,0,0,0,0,0,0,20230417,20261231
7055605 SA bis 13.09.25,0,0,0,0,0,0,0,20230417,20261231
7055605 SIL,0,0,0,0,0,0,0,20230417,20261231
7055702 SO,0,0,0,0,0,0,0,20230417,20261231
7057007,0,0,0,0,0,0,0,20230417,20261231
7057007 bis 31.07.25,0,0,0,0,0,0,0,20230417,20261231
7057008 bis 30.07.25[2025-7-25],0,0,0,0,0,0,0,20230417,20261231
7057008[2025-9-16],0,0,0,0,0,0,0,20230417,20261231
7057009,0,0,0,0,0,0,0,20230417,20261231
7057009 bis 31.07.25,0,0,0,0,0,0,0,20230417,20261231
7057048 DO bis 31.07.25[2025-7-24],0,0,0,0,0,0,0,20230417,20261231
7057048 DO[2025-9-18],0,0,0,0,0,0,0,20230417,20261231
7057507 Ferien,0,0,0,0,0,0,0,20230417,20261231
7057509 Ferien,0,0,0,0,0,0,0,20230417,20261231
7057548 DO SF/WF bis 11.09.25[2025-8-7],0,0,0,0,0,0,0,20230417,20261231
7057557 SF/WF,0,0,0,0,0,0,0,20230417,20261231
7057557 SF/WF bis 15.09.25,0,0,0,0,0,0,0,20230417,20261231
7057558 SF/WF,0,0,0,0,0,0,0,20230417,20261231
7057558 SF/WF bis 15.09.25[2025-8-1],0,0,0,0,0,0,0,20230417,20261231
7057559 SF/WF,0,0,0,0,0,0,0,20230417,20261231
7057559 SF/WF bis 15.09.25,0,0,0,0,0,0,0,20230417,20261231
7057605 HA,0,0,0,0,0,0,0,20230417,20261231
7057605 SA,0,0,0,0,0,0,0,20230417,20261231
7057605 SA bis 13.09.25[2025-8-2],0,0,0,0,0,0,0,20230417,20261231
7057605 SA bis 26.07.25[2025-7-26],0,0,0,0,0,0,0,20230417,20261231
7057605 SA[2025-9-20],0,0,0,0,0,0,0,20230417,20261231
7057605 SIL,0,0,0,0,0,0,0,20230417,20261231
7057606 HA,0,0,0,0,0,0,0,20230417,20261231
7057606 SA,0,0,0,0,0,0,0,20230417,20261231
7057606 SA[2025-7-26],0,0,0,0,0,0,0,20230417,20261231
7057606 SIL,0,0,0,0,0,0,0,20230417,20261231
7057703 SO,0,0,0,0,0,0,0,20230417,20261231
7057703 SO bis 27.07.25,0,0,0,0,0,0,0,20230417,20261231
706 HA,0,0,0,0,0,0,0,20230417,20261231
706 SA,0,0,0,0,0,0,0,20230417,20261231
706 SA bis 13.09.25,0,0,0,0,0,0,0,20230417,20261231
706 SIL,0,0,0,0,0,0,0,20230417,20261231
706 SO,0,0,0,0,0,0,0,20230417,20261231
706 SO bis 14.09.25,0,0,0,0,0,0,0,20230417,20261231
7062001,0,0,0,0,0,0,0,20230417,20261231
7062001 bis 31.07.25,0,0,0,0,0,0,0,20230417,20261231
7062002,0,0,0,0,0,0,0,20230417,20261231
7062003,0,0,0,0,0,0,0,20230417,20261231
7062501 Ferien,0,0,0,0,0,0,0,20230417,20261231
7062503 Ferien,0,0,0,0,0,0,0,20230417,20261231
7062551 SF/WF,0,0,0,0,0,0,0,20230417,20261231
7062552 SF/WF,0,0,0,0,0,0,0,20230417,20261231
7062553 SF/WF,0,0,0,0,0,0,0,20230417,20261231
7062553 SF/WF bis 15.09.25,0,0,0,0,0,0,0,20230417,20261231
7062601 HA,0,0,0,0,0,0,0,20230417,20261231
7062601 SA,0,0,0,0,0,0,0,20230417,20261231
7062601 SIL,0,0,0,0,0,0,0,20230417,20261231
7062602 HA,0,0,0,0,0,0,0,20230417,20261231
7062602 SA,0,0,0,0,0,0,0,20230417,20261231
7062602 SIL,0,0,0,0,0,0,0,20230417,20261231
7062701 SO,0,0,0,0,0,0,0,20230417,20261231
7066004,0,0,0,0,0,0,0,20230417,20261231
7066005,0,0,0,0,0,0,0,20230417,20261231
7066005 bis 15.09.25[2025-8-1],0,0,0,0,0,0,0,20230417,20261231
7066005 bis 31.07.25[2025-7-24],0,0,0,0,0,0,0,20230417,20261231
7066005[2025-9-16],0,0,0,0,0,0,0,20230417,20261231
7066006,0,0,0,0,0,0,0,20230417,20261231
7066006 bis 31.07.25,0,0,0,0,0,0,0,20230417,20261231
7066556 SF/WF,0,0,0,0,0,0,0,20230417,20261231
7066556 SF/WF bis 15.09.25,0,0,0,0,0,0,0,20230417,20261231
7066603 HA,0,0,0,0,0,0,0,20230417,20261231
7066603 SA,0,0,0,0,0,0,0,20230417,20261231
7066603 SA bis 13.09.25,0,0,0,0,0,0,0,20230417,20261231
7066603 SA bis 26.07.25,0,0,0,0,0,0,0,20230417,20261231
7066603 SIL,0,0,0,0,0,0,0,20230417,20261231
7066604 HA,0,0,0,0,0,0,0,20230417,20261231
7066604 SA,0,0,0,0,0,0,0,20230417,20261231
7066604 SA bis 13.09.25,0,0,0,0,0,0,0,20230417,20261231
7066604 SIL,0,0,0,0,0,0,0,20230417,20261231
7066702 SO,0,0,0,0,0,0,0,20230417,20261231
7066702 SO[2025-7-27],0,0,0,0,0,0,0,20230417,20261231
7080001 (GFN-Gerät),0,0,0,0,0,0,0,20230417,20261231
713 HA,0,0,0,0,0,0,0,20230417,20261231
713 SA,0,0,0,0,0,0,0,20230417,20261231
713 SA bis 13.09.25,0,0,0,0,0,0,0,20230417,20261231
713 SIL,0,0,0,0,0,0,0,20230417,20261231
7480021,0,0,0,0,0,0,0,20230417,20261231
7480021[2025-7-25],0,0,0,0,0,0,0,20230417,20261231
7480551 SF/WF,0,0,0,0,0,0,0,20230417,20261231
7480551 SF/WF[2025-8-1],0,0,0,0,0,0,0,20230417,20261231
751 SA,0,0,0,0,0,0,0,20230417,20261231
751 SA bis 13.09.25[2025-7-26],0,0,0,0,0,0,0,20230417,20261231
751 SA[2025-9-20],0,0,0,0,0,0,0,20230417,20261231
753 SA,0,0,0,0,0,0,0,20230417,20261231
753 SA bis 13.09.25,0,0,0,0,0,0,0,20230417,20261231
7880002 (GFN-Gerät),0,0,0,0,0,0,0,20230417,20261231
7880002 (GFN-Gerät) bis 31.07.25,0,0,0,0,0,0,0,20230417,20261231
801 HA,0,0,0,0,0,0,0,20230417,20261231
801 SA,0,0,0,0,0,0,0,20230417,20261231
801 SA bis 13.09.25[2025-8-2],0,0,0,0,0,0,0,20230417,20261231
801 SA bis 26.07.25[2025-7-26],0,0,0,0,0,0,0,20230417,20261231
801 SA[2025-9-20],0,0,0,0,0,0,0,20230417,20261231
801 SIL,0,0,0,0,0,0,0,20230417,20261231
803 SO,0,0,0,0,0,0,0,20230417,20261231
803 SO bis 14.09.25,0,0,0,0,0,0,0,20230417,20261231
803 SO bis 27.07.25,0,0,0,0,0,0,0,20230417,20261231
804 SO,0,0,0,0,0,0,0,20230417,20261231
804 SO bis 14.09.25[2025-8-3],0,0,0,0,0,0,0,20230417,20261231
804 SO bis 27.07.25[2025-7-27],0,0,0,0,0,0,0,20230417,20261231
804 SO[2025-9-21],0,0,0,0,0,0,0,20230417,20261231
805 SA,0,0,0,0,0,0,0,20230417,20261231
805 SA bis 13.09.25,0,0,0,0,0,0,0,20230417,20261231
805 SIL,0,0,0,0,0,0,0,20230417,20261231
805 SO,0,0,0,0,0,0,0,20230417,20261231
805 SO bis 14.09.25,0,0,0,0,0,0,0,20230417,20261231
805 SO bis 27.07.25,0,0,0,0,0,0,0,20230417,20261231
807 SO,0,0,0,0,0,0,0,20230417,20261231
807 SO bis 14.09.25,0,0,0,0,0,0,0,20230417,20261231
817 SO,0,0,0,0,0,0,0,20230417,20261231
817 SO bis 14.09.25,0,0,0,0,0,0,0,20230417,20261231
817 SO bis 27.07.25,0,0,0,0,0,0,0,20230417,20261231
821 SO,0,0,0,0,0,0,0,20230417,20261231
821 SO bis 14.09.25,0,0,0,0,0,0,0,20230417,20261231
912 SO,0,0,0,0,0,0,0,20230417,20261231
912 SO bis 27.07.25,0,0,0,0,0,0,0,20230417,20261231
9401 HA,0,0,0,0,0,0,0,20230417,20261231
9401 SIL,0,0,0,0,0,0,0,20230417,20261231
9402 SA,0,0,0,0,0,0,0,20230417,20261231
9403 HA,0,0,0,0,0,0,0,20230417,20261231
9403 SA,0,0,0,0,0,0,0,20230417,20261231
9403 SIL,0,0,0,0,0,0,0,20230417,20261231
9701 SA,0,0,0,0,0,0,0,20230417,20261231
9702 HA,0,0,0,0,0,0,0,20230417,20261231
9702 SIL,0,0,0,0,0,0,0,20230417,20261231
9855 SA mit Eisl.,0,0,0,0,0,0,0,20230417,20261231
9855 SA mit Eisl.[2025-9-27],0,0,0,0,0,0,0,20230417,20261231
